Mal
1619
-2066
-682
664
-1953
Carro
-932
2725
3495
3440
adios
1244
1007
-2222
-1665
-3649
3661
-3954
723
279
-1816
-3139
-678
3085
3085
-2018
613
-1010
3239
-1266
-3243
651
630
3853
-2175
-2793
-176
2184
-1764
-1050
201
-3084
103
-988
1844
3146
3140
2287
1117
3486
94
-105
3336
3654
136
-206
-2420
-2608
-3583
717
-1419
1805
-1986
-2552
-1268
88
713
2514
-2316
-3109
3639
-1329
3585
3932
1442
2171
-3073
-1783
-1199
2579
3109
-3827
1236
3000
1162
-3859
1749
2901
3766
3193
-1444
255
-2458
-122
-2816
-3405
-3253
-3513
2469
-395
-2140
576
496
-2806
-771
-20
3287
611
-3229
221
-3979
1912
-103
-3852
-111
-772
-806
881
3112
-449
3035
-1479
2485
1364
167
2839
-2218
-3775
-532
-3931
3594
1531
2437
-1876
3734
-2054
-1380
-2974
47
2623
-940
3999
-3482
3093
1980
1660
-1226
2833
2306
-1096
2643
3796
261
-461
-2847
-2230
2141
1425
1370
-2716
-1473
815
2728
-217
3565
-1222
-969
2199
3566
1057
-957
-1472
-1907
1374
-406
-3075
-2205
-2826
-1597
-3178
-1338
-2024
-2699
2970
-2010
-2059
-3675
1803
-2762
3986
-867
2410
3091
-1323
-3534
-2580
2407
-2609
-1105
-3554
-2603
3600
-3186
-1684
-3769
2912
2707
2103
1414
-2616
-2090
-909
3662
2855
-342
2079
-3364
1462
-100
3017
-2232
3238
-2557
818
556
590
-2816
-3798
-1916
1690
-3273
-2202
2162
-777
-2552
-729
1342
-2328
-3963
3084
-1768
-2786
-2136
2551
1884
3548
962
-1824
-3322
-3618
-2768
835
1018
1027
-2563
3184
-756
-527
-3150
1728
2621
-2473
2895
-2649
1819
-2952
896
3611
2245
2974
-934
1980
-3329
3832
-2908
-2735
3032
-2429
216
-3249
2855
39
-3550
-822
-2301
3084
579
-1478
1098
3240
-3146
-1439
1888
-3855
2799
1582
3435
2255
1295
-1884
2155
-3854
3139
433
1869
-1350
-499
2585
3883
-1795
3242
-1890
-1643
3335
-220
3096
-1607
-222
237
1076
377
-2191
-176
-633
-1449
3430
-3049
3722
-3625
-409
3289
-236
-1869
294
-3965
-496
-622
-2658
-1106
-2728
226
-3247
-246
1758
1029
3238
-3138
1400
-2004
-3118
-751
3194
349
108
3446
46
1015
-834
3039
-2857
1509
2880
347
-639
2519
-3955
-3454
1553
-3140
-156
-2206
3647
817
-1199
-1571
-3219
1557
-2700
76
-700
-1835
327
-2504
2216
-7
1084
-3717
863
-1632
-1698
3994
-1256
2392
2525
3085
3176
2398
3320
3037
-1881
3781
-1636
-3736
-2296
3315
-1528
-24
2234
-331
-3841
1854
-2967
-237
2957
-2527
-2646
-1314
-1293
3603
-2418
1327
2204
2068
2329
-1528
3022
-2415
-3428
1024
-2920
19
-191
-2896
3391
-1276
-2738
-3770
2688
-3796
-2485
2332
-1955
-1992
2498
-2697
-2708
3854
-3421
2904
987
-815
-1397
-2816
-90
2899
-2010
-3720
-1534
1719
-2358
-2722
1091
-1276
-3825
991
-301
-1224
81
2875
1422
3100
-1243
-62
-2707
-2953
-2114
-606
-1717
1068
1499
2914
-1032
3157
-3914
2753
3396
1585
1493
2625
-1941
3463
839
-889
-322
-327
-2397
491
363
-1979
-3993
-703
3962
-112
1203
510
2848
-502
-3682
3187
-3931
-3132
2241
-527
-2249
-2201
3093
-690
-3176
2751
-2344
3790
-2387
-2779
2606
-1015
3487
-2758
-813
1239
-1243
2881
-2902
2241
-2836
-1889
3596
1893
2769
3224
-3526
2820
-1262
3900
-1658
519
1490
-2622
-3289
-2455
-188
2621
-2261
2727
1065
-1852
-2985
-675
-2766
2239
2622
3152
2568
-583
-2241
-924
1716
693
2555
-2054
2745
2747
3228
-138
-2918
-729
-2377
3871
406
-42
-803
502
-3321
-2914
2821
2255
3982
2466
-2600
-43
1476
2467
78
122
-2199
2153
877
-242
2387
3013
-3037
2743
2598
-1432
2274
-237
3356
-1872
1077
-2083
-209
-2775
1100
527
3711
-219
1181
-1749
3067
-2217
3982
3561
356
-2699
88
-2287
2791
893
-2053
2760
292
3973
2347
-3235
-1210
488
770
2291
-3968
1217
-2253
-3679
3021
2308
-1603
2212
2415
-1854
-311
-1152
-332
-579
-2493
-891
-631
2258
-569
856
-3796
-2458
-785
3028
3148
3072
3261
3096
-3067
925
-2036
1985
2567
463
1616
2707
-3444
-405
-369
-658
2780
-498
1182
-2371
-2713
727
-1117
3318
-2884
-440
-2989
3544
-950
-3069
1801
1922
1528
-529
3671
-2383
2297
-1762
-2174
-1404
148
2533
2482
1357
960
558
3038
1838
-3470
-878
-151
-3174
1089
-2601
2804
85
-935
2714
1743
-3476
-1309
-373
-163
3162
3125
1071
-665
-2794
-3686
-1956
-316
1537
2460
-1589
-1155
-2088
3893
-2430
-322
703
392
-1702
2613
508
3403
-2194
1388
1944
1306
3073
2434
1003
2845
-3236
-3400
2772
-2996
3575
188
-2073
3092
544
-1144
-3681
-3563
-1033
793
-1938
-869
-270
2576
-1029
-2663
414
-3485
1784
3238
3308
1810
1504
307
-1587
3668
329
-405
-1142
2644
-2973
-132
3562
-1278
3231
-2085
-2167
-2719
1009
1025
527
2876
-3759
3572
-1326
-2154
-3354
-144
1013
-1903
3994
3787
-1430
-2067
-3107
-3322
-495
-314
1696
-598
2627
3930
401
305
-2441
-3627
-1856
1762
-2767
154
-3337
-65
442
-1004
-1673
-3764
408
1833
1653
3204
3872
783
3903
3934
-104
-58
3212
924
-1326
-1727
3836
-895
-187
3962
1504
1052
-890
-99
-2528
1801
-1395
-1442
3783
-3597
-1340
-711
-1669
3285
3118
235
2778
-3337
-933
-3737
903
-237
1536
1976
1970
1204
-3616
-1366
-1283
3935
-3999
3921
1035
-746
1843
3772
-11
1908
-2331
2098
748
-2048
1299
1006
-2902
1019
992
1246
617
805
-950
-2123
200
-3932
-3989
-239
-3466
-2913
-2203
3285
-767
3516
-557
794
3725
719
547
-1457
634
3170
-670
1528
-3725
3142
2211
1393
-1001
-3108
-1954
2681
523
2741
-3289
1995
2015
3857
-3563
2244
-2422
3317
3349
-72
-3095
-2119
3873
3510
-3719
-3825
-1765
-2756
-3292
2394
993
-2607
-144
-1669
-1443
-3418
2628
518
-59
1113
-455
-2620
-2544
-600
778
-141
-3159
-2776
2521
-441
1317
1341
1575
1477
-2672
3070
-665
3534
-779
-240
-3933
611
1886
-1342
2199
-3563
375
-1534
1493
-3326
-201
3007
-620
-1304
-2726
-3323
2321
39
-1518
-1015
978
2169
2395
-745
3095
1166
-3026
682
1383
140
-3815
-784
3322
-2408
-1622
-665
-2316
-2310
2152
-2415
2720
315
-1971
-2153
-2687
-3027
2805
-413
3078
-902
-1829
1931
-1800
1941
-3745
240
-969
-3756
-2079
-2106
-1264
1035
-753
-1642
25
-3651
-2695
-2875
801
392
-3606
10
-261
1576
148
-2722
3167
-1926
-2587
-1546
3273
-15
2594
216
528
-126
-1872
-414
356
442
-3958
-3275
-2537
3214
3035
3935
-1126
1644
-718
-1955
596
-2325
-2804
2223
2987
784
595
-3773
2244
691
-2742
3549
-1875
-2598
-3372
1379
2828
-3075
1367
-2811
-858
-2068
-3199
1801
1338
3881
3756
-918
3904
-3504
29
-937
-2881
259
1812
1
596
-2537
556
47
273
-396
-2636
2471
3035
3317
1667
1974
1943
1766
-3984
-569
2259
-2658
2064
480
1782
-3290
2267
-2292
-3318
695
1691
-3269
-131
-2791
2223
-699
1095
-2656
3787
-2359
-1645
-1055
-311
-472
784
2463
-65
-2793
-3865
544
-2609
-940
3065
-242
-1076
996
1811
2101
1143
-3129
-3496
3301
2156
-2186
-3767
-1305
-1287
-2862
-1899
-2630
-1576
604
1908
3447
3194
1127
2730
-2144
-3187
567
2535
639
-3364
-2919
3111
733
-1478
584
1980
3439
3753
3166
2589
1158
2376
-69
1943
746
-564
-3527
1016
-3293
-3184
-3655
-389
3709
3917
3147
2
2297
-2843
1455
-3419
-3580
1305
2633
3825
2297
-3132
3615
-3670
-2653
-678
-2895
2273
-601
-312
-1823
1509
10
-2015
-907
3723
1750
-2662
-770
352
3450
-2958
-3672
-3304
-123
-384
-3178
-2529
1006
-2076
2869
214
2960
1656
1729
2333
-2046
-1991
3504
-2792
-2044
-864
1767
2675
2514
965
492
3278
1129
-3788
-293
171
765
-3031
-2346
-2933
-2507
956
801
3603
18
-3433
-1154
562
-2273
-2910
3968
-3168
3144
3972
3858
-443
-3934
2788
-3342
-3146
2417
1561
2760
-3391
-1278
1327
3444
-794
3391
3384
3734
2731
-1650
2377
337
2021
3344
-2575
3406
115
-3901
-1298
-3093
-2003
2813
-1560
2732
-1818
-1223
1057
-1807
1585
2771
3110
-2542
3212
658
61
458
-3360
-2046
1326
2182
3851
1470
1836
823
3863
2890
-626
1053
-3213
2087
-1829
2792
-2740
-2867
-3214
140
-1149
1462
-1978
1722
966
-1722
-3331
-1492
1839
-3674
1103
252
3645
1237
3268
1007
-3658
3198
-3634
1729
1803
-3656
2547
-2157
850
-3790
-1853
3664
-2735
811
3594
-2070
2424
318
-1250
-755
108
51
-3408
-2931
-2796
-2614
-1734
-3056
2322
1428
-2829
3990
1061
715
2397
-1759
1501
-3070
-3097
1264
-1371
-483
1068
3501
3816
1335
1728
161
1050
-3117
-1385
-1961
1579
-1635
-1911
-1573
671
-1229
318
403
2659
-2615
573
-3935
-2998
-2459
-1926
886
-959
-2834
803
2118
-1800
3582
-19
-3657
3814
-754
-593
-506
369
-3462
-1385
1294
-156
-580
808
-3128
-3051
-2301
-1208
-2625
-2538
-107
-3358
2715
493
3046
3582
1172
385
-1377
-2429
-1596
-2918
-1483
3363
433
1209
2386
-728
-2433
3697
1018
-1303
-1260
1720
97
2395
584
794
-1319
1813
2629
-688
2919
259
-667
2392
1952
3461
3216
2811
3682
2072
-2798
-62
2983
-2060
-1659
-1053
-1840
1459
3386
-1770
2913
1077
-711
808
-3284
2074
2513
3695
-3474
-2085
75
-497
-3131
-1921
-1374
3279
-2151
-1072
1377
2360
1293
1277
2555
-1740
190
1512
-895
-1091
-205
664
1699
-766
-1815
-443
1660
1953
3798
-1792
1264
2576
1353
1866
-2094
991
-147
2611
3986
2656
2699
-1798
-106
3287
2731
837
-2648
78
3915
-2235
-1643
3860
-1407
1220
3385
243
674
2849
-985
-322
2811
3880
-18
-1509
1592
-1522
-2271
-2665
2934
-3724
-3128
-1864
-3659
818
2513
-2503
-645
1654
-789
-2357
-1503
1100
-3541
-2608
-1806
2162
1837
-2748
2598
3890
1594
-1366
-3057
450
-771
-2684
998
442
-2304
1649
-2610
-2507
-1797
2647
5
-52
-3880
1999
2366
2445
-1639
1130
858
3446
2638
-2125
2830
301
3339
-1084
1070
-831
-2660
-3954
3850
-2863
-129
-3552
1659
-3867
-2361
-2459
3974
733
3730
-381
-188
2727
381
2344
-3437
-3679
1528
2329
-3498
3085
1113
2394
-414
3292
3455
-1259
2601
2045
2543
-1843
2414
-3415
-38
-2504
-3002
3446
-1799
-3937
165
-1400
1423
-3817
289
-3435
-638
2078
106
1352
-2191
-3656
-2473
3472
-766
-3299
-1346
-3296
-2592
-2717
-2390
2063
2462
-1327
1506
2433
1621
-3021
-1211
-2401
1970
-1347
1434
-2101
-1145
-1632
-127
-2524
3177
2178
-1735
-2866
-1432
-2716
-1370
-1949
-2389
-843
3595
1095
468
2341
929
-1719
-2034
-793
-1259
-3120
3921
3023
2155
969
610
2081
495
-2296
-3416
-3708
421
-3610
-394
-1495
-813
-629
-691
-36
-884
-2918
2248
2680
-407
3074
-1674
-849
-1685
2585
-1838
-272
-2767
270
-2232
-1949
585
-1097
3999
-2605
-3432
1431
3536
-639
2715
3480
3742
-2751
3646
432
-439
-407
2907
457
-1325
-1316
-283
379
3486
2588
-1047
-2987
-970
-995
360
-3354
2786
-513
2936
1542
-647
2870
2635
-1094
-1618
1462
3971
-1523
-2390
368
807
-71
762
-2524
-3453
-3480
82
3035
-2826
943
1639
-649
1969
-2928
-3945
-2950
512
-2670
2197
2440
-3558
3640
369
2942
-1308
-1563
-3066
-3840
-2651
2997
-187
1039
-2020
-2714
-1860
706
1217
2890
1451
3985
-430
-32
-3946
-3831
-3068
-2938
-1139
-434
1859
2492
-291
-3593
-273
2383
2348
1168
-981
-3115
1515
1895
-2542
2852
1153
-2898
-3618
2311
-1398
-141
-1271
-2724
-310
124
1168
-1011
-2041
-2011
-1633
-2607
-161
390
-2900
-3286
-1608
-29
-2198
1214
3335
3160
1428
-269
347
1168
3865
379
-1729
-1496
887
-242
605
-3308
3550
2308
-237
326
-2857
2952
2917
-3829
2262
1908
788
-2059
2228
2573
-2432
1486
-916
-352
3250
1535
2522
3150
935
1751
-1399
-3243
-2720
-3254
-208
3910
51
1836
796
-3657
-1174
1690
-156
3278
1218
-1308
569
1199
1541
-2336
-2717
197
-314
-2219
-1603
1095
-2983
2862
-1044
2078
1448
3870
1674
326
3394
328
2572
3140
-1838
2489
-1749
2298
-3640
1486
1047
2937
-1744
-1671
-2277
-2067
-1399
474
-2889
845
3212
2852
-2018
-1320
1705
601
-1304
285
-3900
1405
570
-3093
-3439
192
-366
2483
3368
-3882
367
2463
-1701
3106
217
3517
-3086
-1136
-2857
2170
1774
1203
-3876
2473
-2493
2558
-1495
3064
-2350
-1943
2270
-1554
-1460
1087
1765
2128
-2899
1171
-3919
-3792
3182
2150
274
-678
-831
-1
2764
2295
-2054
3275
-2261
-3320
-3202
-2955
3055
3307
-286
-685
63
261
-403
1318
2032
208
3224
3691
-3769
3735
-2667
-568
-532
-1608
2092
3666
-2211
-1622
-1785
1629
-3702
-694
2362
3932
423
270
-2018
-1999
-2284
1412
-2366
2795
-2806
-535
1829
-1798
-582
-3739
-3194
3231
-1052
1921
-790
1922
1554
3480
-2560
3098
3425
967
1541
-2591
897
-1586
-195
-1208
615
-2903
-1167
-674
1758
-3741
-1381
-1383
-113
2863
-2701
3207
203
-1588
3521
-3845
2405
3641
-2047
-188
2070
-3136
-2697
-74
-3607
-918
2234
2653
1349
2385
-1058
1596
-1247
3996
-3309
3970
-573
303
444
-957
581
1458
-1234
448
3760
3651
-3440
546
-3888
2934
-317
-56
2468
-549
379
2372
-3383
-3806
2505
2517
1422
1951
3841
-1939
-3204
3792
3367
-973
-3678
-3454
-3804
-323
-817
-3109
-2077
610
2316
220
3463
-2694
-3893
3246
1051
2278
1683
2232
1866
1093
2739
-1930
-2185
1949
121
-1115
353
80
-3261
625
1763
-1819
155
2113
-2841
2157
-1929
1261
-1465
3891
-1787
-308
-2508
1365
-3533
1743
2875
3332
1890
-1146
1349
880
-3878
-2406
3016
-2369
1938
-928
503
-2087
1115
-2729
518
-1851
3503
-2187
1689
-1152
-900
-1057
3569
-3058
-838
-968
-977
-1137
2808
-360
1772
1630
263
-3810
-3321
-1650
2868
1587
472
-73
-2884
-422
861
2385
-498
-1536
2637
1126
574
3724
-1896
-456
2615
-1591
-3675
-178
-494
672
2924
-1644
3800
-1485
-212
-2849
-1270
2909
3860
1647
-2186
3628
2204
823
-90
1718
-1065
1078
-2962
209
116
-769
-2043
-3252
1562
-3841
453
-1949
3576
2937
3469
2579
3934
-3995
672
-1367
35
770
-267
-3958
-1072
-3874
2552
-1125
2016
-123
836
2128
3548
-3470
-3078
-2894
2588
956
3388
-1805
-3053
1422
2957
1999
689
1983
2424
-1673
55
-1225
-1280
-736
-3681
-2299
3987
1566
-2166
65
1425
885
1627
165
932
1838
-778
-1568
924
-324
3944
3604
497
3342
3754
1573
3978
-2061
2772
2898
2145
3168
-2073
1627
817
1004
-3223
950
2232
954
2333
2343
3545
-3568
-1190
-1776
21
1339
563
1815
3893
-2327
-1028
-260
-2424
1008
-1040
-941
3886
940
-2208
-3196
-3937
2099
-3784
-1287
2916
2096
1510
2753
998
-237
3855
-1855
2793
-1670
1519
-5
2964
-2346
-3361
-746
-1735
-2592
1992
1635
-1667
3128
1925
1230
2576
3267
1722
953
-3468
3937
2993
-3422
-439
-3251
-1792
26
2361
2197
-2600
2660
3831
-3748
-3978
-1226
3916
-592
1371
3058
-3430
-2931
3481
3711
-1351
-3686
1258
3032
2480
-1795
3664
-2332
-3922
1384
-884
-2653
-605
-538
-204
-2193
1695
3675
-2586
2766
2109
-2447
-2962
3155
-3412
3899
1906
-2531
-59
-3959
712
2984
1335
-562
3711
3703
-2430
-2120
984
3298
2662
-2900
-379
-74
2669
-662
-3946
-1295
3439
1405
-327
-1265
-2126
-1916
3868
2971
2506
170
-2995
-3147
622
-1771
-1615
-2486
891
3191
-2945
1470
-3634
-2921
-3552
3151
-3067
-222
-2906
3194
-3257
-3592
3260
2342
-1154
-1045
1166
-77
-3825
3020
-1478
1246
-2739
-1925
-2570
1903
2472
1373
3261
2848
2268
-345
2970
-1758
-1051
3067
-2649
450
3494
-1796
3062
3197
1607
-46
3814
-1203
1750
-3178
-2023
-1534
873
1674
1865
136
-1223
3354
-3683
-2180
3478
-3628
-3211
-1537
1618
-2118
3917
-1691
-38
3411
652
3273
-3851
1336
3369
350
-2629
-3176
-122
-3941
-1687
999
1174
979
2647
321
3734
-3124
-2440
2699
-2434
2528
-3741
605
-2250
-3786
1057
1454
32
1031
1623
-200
-3894
-2503
-2826
370
3565
627
-2209
1755
-2996
1464
2794
1552
-1321
-1755
1003
1018
-918
-2273
961
-1172
-1779
-3150
2580
-2753
-1120
-1218
1421
-3941
-3998
3540
-3271
3863
3398
1751
2560
-3188
-3715
2757
-2237
-2307
-2229
-2857
3296
1183
-837
916
-3717
-1578
2110
1917
-569
-446
-3144
719
-2152
-3405
1506
112
-2976
3061
-2048
-2569
1668
2991
-729
-3651
-2717
549
2636
3418
2838
-1885
-2587
-2531
-2467
-2194
-2075
-2795
-328
2615
-1609
3588
-1216
854
3953
-640
-2367
3385
-3823
3864
-3581
-934
-3678
-541
3422
158
-1332
-1751
-3445
-2084
3573
-3565
-3273
-655
-2543
-3500
-1416
1118
771
582
-2797
-84
3016
3742
-1554
3940
-1713
-504
2168
2111
1304
3857
-2851
-2503
-1242
-3767
-3422
-260
1857
1987
1085
1772
1286
-2023
-1189
-1122
-2650
-2573
2650
3161
1901
3472
3770
3713
713
188
3721
2331
-2690
-462
-1145
349
-217
-1488
2512
-3835
985
2917
-1663
3336
-436
2627
2335
-438
2586
1746
3648
-300
-3903
-3984
-1189
-1100
3791
-3056
-870
3270
-8
3486
44
2922
1535
1781
-1217
2074
-2367
-697
312
-1167
-301
3913
1519
-414
-3889
-3292
-2222
-603
-3721
178
2477
607
3893
-1943
-3213
795
-924
415
1916
2560
1271
-1112
1243
1053
-3087
2600
3224
-1017
-3369
1197
-377
-1206
-555
-430
1570
3996
2546
1188
159
-1884
-3439
-364
-1267
-3475
-251
-1195
696
-637
2432
-2663
1642
-2924
-992
-1708
3790
-2418
-779
643
-3852
3814
939
3099
-2456
-3565
-2501
-1130
1572
-3247
-226
2387
745
-638
387
-2396
1549
-3166
3137
-3572
807
-2246
-3543
897
-3289
657
1839
-1822
-934
1953
-3556
-969
2731
-2336
1740
-1698
3957
2813
2757
-1870
3253
-1449
-308
2934
-1406
1648
2864
1888
-2734
-2317
3613
-546
-697
322
-439
1712
2426
2305
-1294
3562
3617
-2733
-2844
1550
-2145
-684
3872
-1071
-3717
-2782
606
1690
-12
-3595
-3680
-1286
-198
-3569
-1371
3801
2943
-3688
-3548
-3789
-1966
3191
-163
-2479
-3011
-2997
-1007
-2068
3407
3356
905
2846
629
551
-1543
-1622
-3756
-1248
-178
-3387
3816
-521
-1060
-2190
2769
182
1237
1370
1857
-623
-3715
-1720
-3718
2829
2956
888
-2479
2547
2657
3204
-3919
-2157
2594
-3380
2882
-527
1541
-232
-3383
3893
1439
1383
2437
896
3218
1453
1450
451
536
523
1021
1262
-3274
-2068
-1490
-1384
2041
886
2061
-1650
-3641
-2344
3224
-774
-1136
1829
3684
3832
-1284
-1614
1994
-1934
1641
-3408
-1771
-2432
-3656
2961
-1382
-54
2056
2289
2686
-3594
-3991
-422
128
-2581
-2445
-1198
-2425
2274
-395
3886
-3389
-62
-3522
2871
-2157
-3664
3765
-1869
-462
1218
-3360
1644
1255
-3988
-3832
-3313
-2879
-1406
-3612
-10
1848
1623
618
-2785
-758
-3847
3182
-2171
1970
-2554
867
2743
2475
-2579
-1295
3789
-1577
-2021
-719
-2044
3744
3382
-2438
1444
262
-3828
-3676
-3029
1139
1620
2573
2437
1761
416
-1079
1869
2422
-1636
-2291
2761
-3909
-2921
-275
1285
-245
3199
1699
-3536
-2758
-2641
-684
-3679
-809
-1750
-673
3096
-301
1235
1368
3073
3438
-2389
1475
3129
-563
1305
804
-961
450
785
-1090
-2315
1742
-706
2995
-1285
-3638
-2061
882
2811
-613
1997
2000
-2370
-2693
2747
-468
-1401
2721
-2545
-91
-1874
-1366
2591
-829
-558
-2836
2143
-698
-3852
2087
-2081
3428
-2315
1680
-65
-1136
2334
3435
537
-669
-1032
3719
3657
179
-3318
-878
-1406
3339
1542
-3807
-23
3746
-1917
-1550
2084
-3666
-2169
3
-3564
-1767
-17
-2178
-3398
658
-1472
-2368
-605
-2977
-2521
3590
3170
2161
1501
1378
1669
2051
-2886
27
3884
-1654
-2203
1708
-3353
994
-1344
969
-806
-388
-2980
-698
-2331
1830
-3858
-2363
577
-3369
366
-1697
3436
-1202
-524
1191
-3619
-3101
3593
299
-3752
-2208
-152
-3469
2650
3487
2217
582
-2157
-777
-3735
1896
670
3014
-2801
-1794
1616
-1626
2480
-1239
-2942
-104
1426
1378
2003
1285
3578
2601
-3858
-121
1241
3711
-187
197
1532
3024
-3565
-104
-2671
-3130
289
-1412
2986
-185
-3026
3288
3222
-843
-1329
1827
-3448
3427
1311
1401
1711
1534
-1948
3479
913
-1561
927
614
-2548
-1352
2310
-696
2990
-1476
1866
-193
2034
2375
876
-1039
-513
3447
358
1312
-2204
1411
-3840
-536
-2937
-1367
-786
-3621
690
447
-1632
-1589
-3568
3841
-1222
-3812
437
2460
2527
-967
3668
3446
2218
-2577
-1707
-352
-3515
1065
1986
904
-3074
-2532
-3316
535
2669
-2493
3308
1900
3833
230
-3004
2799
-1618
-718
-3148
-3286
383
3632
-193
-683
1424
-183
-1929
-1647
-3012
1809
3837
3003
1805
1606
3186
2956
-3287
-2967
1896
-2072
-1644
-3240
620
-2977
1991
2400
-1878
-1714
996
3589
602
2000
2140
2308
767
-1284
-2559
-765
-1778
-3282
-2532
-233
2843
1522
-2848
-1591
3225
277
-2252
1554
-3117
-3683
3279
2236
-185
-160
-1162
2270
114
1630
-2602
-737
-2237
1924
-773
-1703
-3685
-5
-169
2645
2094
-321
310
724
-1351
64
-1704
-2455
2620
2713
131
2237
-264
-2729
3709
2793
-1363
-2021
421
-966
1269
-1423
-2111
-3198
-3975
263
680
2776
-2565
-1169
3969
3814
-3939
796
3099
3614
-3565
-1730
272
-1529
-2787
534
-1906
-675
-1622
708
457
768
1205
-3377
-1744
-416
1827
-2084
697
-598
621
596
-1547
-3600
1289
3757
678
-444
-653
812
-2079
-2243
3928
3576
3207
-2845
-881
-308
-1916
-514
-237
-1599
3193
3610
-544
2265
3896
-3607
-2332
-2521
2802
-911
-3723
2566
2495
-307
1418
-1335
3552
-1639
-1535
410
-1059
-2251
2085
-1788
137
-784
3663
3083
-1179
-810
1067
1489
2760
1507
-3411
464
-2498
3398
11
153
-3248
-1146
3160
132
-2183
1421
-67
3317
-1732
-970
3665
2968
-39
337
-2196
-3779
-1170
3051
-1667
1800
-2625
2097
2887
-2021
1503
3028
518
-392
-1584
-2123
1102
-115
1489
-3214
-1185
-2165
-432
980
-2284
-154
-2084
3303
3378
3320
-2000
-693
-1391
-1540
-2396
970
-2276
393
-2764
-1563
433
264
-2417
747
3306
-3332
1727
344
-2085
1691
-838
-3797
2121
-2948
-1903
-3220
2607
-2726
-3688
-1501
665
2513
2863
2365
-2654
-2393
3148
-1667
483
-3873
2385
2393
727
-1383
3302
2885
2618
955
-3157
-3582
1845
3666
1956
1785
-772
251
2029
625
-395
2011
3321
-1856
3658
563
706
2019
-1118
1173
2342
2676
-3750
241
-2644
3484
1796
-3287
1419
2933
1167
3881
-3936
-3282
2402
-3014
902
1708
-494
1251
3333
-1906
3064
-1633
2176
-3393
2008
-783
-389
-3536
797
504
79
-1154
-1389
-2800
1322
-51
-2134
1126
-527
-709
153
-1286
1149
2737
-3089
-75
-3292
-225
-2510
1484
393
-1069
-1117
3060
-3199
-2273
1330
-1296
-2844
-3536
81
-2202
3084
-1863
37
1963
-3853
2128
2563
-3159
-1897
901
2714
2339
3885
-1273
-1797
-2148
571
1553
824
-3757
-920
1419
709
1720
-2868
-2547
3645
-3498
-2016
2235
1832
3104
-2268
1420
831
-771
474
-2154
2098
-3235
1368
2874
3370
-989
-3338
1587
-3689
-2753
-2999
2500
-3792
2954
-179
-1231
-3877
-596
-1568
472
-2170
-3913
1375
-1678
-2058
1331
1875
-3726
75
-3297
1780
-204
-1525
-2772
-2935
-3869
3467
-1882
1043
738
2169
1707
-3357
2100
-2658
3417
2665
3501
-1154
1095
2614
-1155
63
1696
-1189
-1505
3806
1264
-1347
-3876
-3426
355
2458
-1081
-1324
-504
3057
3032
-3380
-2064
2327
-3991
-2702
-2052
3094
-4000
-1127
77
-1638
1826
-1077
2218
1563
635
263
-918
-2445
-3383
1004
-1441
323
1370
-198
-331
3880
-207
-2137
1277
3582
3004
-3832
-613
-1873
-2475
-2486
-176
-2279
2137
-3664
2277
1426
-1970
2928
-2860
2456
-3454
-1459
2276
-1785
-460
2005
-3238
2075
2518
2846
2908
469
2009
-3433
-1772
-419
-3819
607
-2205
940
3582
-1385
-1677
-1509
873
107
-1484
-2793
-3143
-3849
-2312
-920
553
3645
-1662
-1685
-2025
-3141
-1689
1851
1319
-2648
2371
-227
-445
3893
3466
-2981
-2963
1043
651
2713
-3471
-3924
1585
781
-2873
3341
2706
2968
3890
2805
-2357
1153
-3469
1398
-1877
-2132
3387
-2105
-2455
-1832
1898
-1529
-2352
-3470
-1794
2700
-2930
-2800
-1987
-1366
-640
-2586
-3337
-1251
-3100
202
-3487
-81
-1569
2941
3935
-3796
3263
1647
-1105
-2844
1031
-1056
-1133
-1590
-287
-2059
3884
-196
-3118
-3257
2898
-3186
-2403
-2909
-848
39
-992
-2392
-1902
-3445
2727
1422
-537
-3604
-2796
-2588
-2598
2978
1778
2106
3229
-3759
1772
-759
-3975
-2629
1978
2295
-2452
2346
-3978
3746
-888
-3788
-417
-358
-266
-1142
2115
-2981
2654
2182
2688
-3017
-2633
1947
2727
-2216
-1305
1250
3905
-36
2916
2395
-884
3655
-2136
2109
431
2392
937
-2568
86
-1725
263
-3782
1052
2105
-92
-917
2396
-892
-260
-1227
1590
-3877
2708
-3696
1145
-352
-3417
-3154
353
1871
-224
2219
-1341
-2151
3670
1010
-907
1250
2997
-314
-1589
544
1078
-1296
1025
2356
-3677
538
-3487
-364
-3765
1634
3425
-405
1186
3715
1307
-2147
-3405
-2520
334
-992
698
-379
1574
3830
-115
2217
-3074
-2437
-3284
1960
-2080
-1693
-3024
3280
-970
-788
3764
2329
-2158
3241
375
1916
-625
488
1857
874
-2978
3580
1392
-3043
68
412
268
-3735
3375
1508
1005
2318
841
3521
-1746
-3720
2376
-3065
-2540
489
-3395
2758
-1221
284
-3778
2004
-372
321
-2171
3046
1266
2880
3320
-597
1156
1363
1289
-3709
-2591
-1990
2666
-3724
-3554
-2953
703
628
-3927
-3200
1637
-518
1490
-992
810
-1342
1320
2406
-283
-3980
-3416
2790
385
3492
-2422
-828
-1297
375
-2026
1259
-243
3351
-1993
-641
3911
578
3442
1980
2343
1530
-1926
736
2918
-3242
-1129
-1161
-2268
2485
-1631
-1690
-1626
-28
-1165
2202
3856
-3156
-1290
3482
-2589
-2919
217
1886
-236
108
3551
1903
-1821
1474
1913
3223
-1440
1824
725
-682
44
-603
-2365
-1497
-6
-3967
-2426
2674
1979
3695
2858
2068
-3720
1741
467
1774
3675
-3279
2924
-653
-1357
215
1755
2766
1914
2218
-638
-1886
-1864
-2111
197
-1267
716
-71
-2574
-3761
264
1644
2883
-3320
-185
-1249
3897
2227
2934
-747
-1330
-1806
-27
2175
2185
-1186
-2729
-220
-797
1053
1680
1823
1749
-2083
838
-1301
-2502
3071
-240
851
-3125
1198
-1241
-1479
170
-535
2425
-1002
-152
2541
-1673
1713
3296
-987
1296
1072
3524
2716
-3415
-1312
-24
-1710
-3069
634
2374
516
-1572
-352
-2397
-730
2389
-3307
2995
-1364
758
1057
877
-2439
-2640
-839
-2861
589
-3774
3530
-1400
-1427
-605
-3137
281
937
-3918
-84
2283
878
-3240
-102
-3237
-2889
1671
-1633
2588
62
1461
-1903
2552
-2887
106
3150
-358
-3657
2947
-601
2617
-634
-2352
-1988
1261
-768
-2952
1894
1998
3010
2332
2861
-2903
528
2665
3331
-447
-3087
-2657
-3456
-1240
918
-3264
1876
-547
-2314
-3278
-3479
-2069
1473
-3963
-120
1424
974
-3122
-3814
504
1310
-3689
467
796
315
-520
-1347
788
-3287
1294
-3306
-632
-2160
3239
3752
1799
2993
134
3093
-1868
-2894
111
-958
-2326
2346
1773
-2650
888
2321
-2529
-380
-3762
3031
-3217
1922
3764
2272
1764
-518
1751
-2887
-783
1359
3705
-787
-2824
3254
-123
-1931
2993
1128
-3072
1010
2865
-2951
-3106
-2465
1340
-301
-3602
812
-1736
-764
-812
2476
3856
-303
3337
2535
-3988
-2089
-2954
-3943
3678
1881
-2181
447
11
-159
2802
3508
1324
-251
-530
-880
-3825
1665
3344
-1762
1725
2539
3294
2049
-2620
141
1027
1518
-1024
-3594
-2320
3192
-1845
205
-973
2971
-2653
3567
1603
1752
639
-2361
-2853
3186
-925
1182
-3945
-1563
3341
3123
2134
1722
3477
-233
2744
-2478
-1760
439
2510
3778
-95
-1095
-2925
956
-264
-2358
3973
821
3089
-3953
472
-1175
3005
3938
-618
2448
-2616
2180
3042
2436
3275
-920
-2629
-1235
2462
-3861
1630
311
1566
-3944
3605
-1439
2972
-636
298
-638
-3587
3842
2723
2563
-1287
-1151
-1754
3547
3111
3003
-992
-2951
1838
96
221
260
9
945
-211
-892
1623
-2158
-1570
2771
-608
3559
3627
2807
-666
-1664
-2997
-1037
2473
-1922
1310
-2418
1734
-3042
32
2677
27
3905
-313
102
-270
952
-1793
-2081
-1791
2192
377
2895
735
-2942
-900
236
3074
-3027
3373
1034
1237
-2172
-3891
-2478
3334
-1391
3593
-3857
-3873
-1601
-2894
-1454
893
2334
-1619
-984
3318
-2490
3818
3482
-3325
-3315
2018
-1880
-3833
-1457
2960
713
1289
-1392
1251
-715
-1734
-3626
178
213
-1945
1986
3888
3834
-2907
-2202
1800
3759
3931
420
-1522
2452
-918
-2661
3455
-1728
-146
-1001
-2880
74
-1364
190
-1429
-3429
55
3873
-587
1072
3612
2099
-2201
-190
3849
-3618
-2400
-1994
-2194
-2042
-3622
-2122
-549
-3442
930
1259
2984
-3110
-3509
-1934
-655
2737
3249
-3212
-3035
-400
1624
2248
729
-3901
3892
1320
-1681
-206
-2027
-1113
-1421
911
1865
2230
-1822
1426
3927
-1868
-3139
1224
-2619
3426
-2278
-2436
-1349
-3716
-2592
-3153
-3241
478
3846
2660
-1182
-2068
-3982
3363
2729
-1685
-2446
-11
2494
2013
1279
2944
-1834
2733
3617
-3936
1230
-3900
-2328
-1207
-2695
-977
-8
-217
-606
-2810
475
-44
431
-3007
-412
2102
-2253
3269
-9
-2702
2111
-351
-1143
2015
-3671
1943
2652
1433
-3016
2844
1778
-1379
1660
414
2508
-632
1135
-851
1742
-943
1294
3083
-1352
674
-2903
1258
-2115
-1919
-1221
1050
78
1927
502
-1836
-3601
-920
-3990
-183
1581
-3770
417
-556
-2670
-3699
-3948
1450
-3890
-3408
-603
-3124
1431
62
-2571
3492
3220
3925
-2718
2719
1570
-3255
941
-1090
-914
-3531
-3226
-2102
-2758
1342
-3994
3358
3642
3411
-1179
1409
708
2336
-405
2027
-1648
-529
-2157
2194
-2711
701
-1241
-1623
-1829
-739
-3170
790
369
2802
1801
-2977
3203
-3828
342
2029
-402
-3030
-2889
3059
-2400
588
1438
2053
2871
1552
-3291
2097
-2762
2196
-3416
-1046
-1427
2181
-491
-681
-2315
3190
542
2300
2664
-1911
-649
-2202
-3995
-874
3295
2822
-2917
3226
-3173
-1615
-2069
2237
-2967
1576
61
1945
-71
1447
3921
3961
3223
-177
-1175
-2921
552
717
1652
-515
-198
-3069
-2753
2152
3892
1571
2470
-916
2532
-2427
977
-477
-2254
1970
1318
1017
-3478
-491
-3436
247
-1212
-3613
-2302
-1217
-16
-784
-873
-581
2796
984
1177
1518
218
-1327
-2916
-1197
3910
-3696
2974
285
-110
-1441
483
-1493
1935
-2196
1164
-914
-2390
-2841
1461
-2503
-1298
2456
1032
-671
853
251
1366
-3267
2559
1738
2089
-3433
3249
1263
-2936
701
-2031
-2722
1310
2272
-3718
-3025
-3018
-882
-689
-2565
-3898
1426
-580
2054
3391
613
-2150
-897
-3452
-1277
-1298
3690
3483
139
-3042
1006
2449
-3854
-2161
-370
-2237
3915
-3415
790
-1309
2712
3827
885
294
-2335
-1964
2165
497
3162
3126
2389
3307
1961
-1943
-3608
-1951
-1619
2429
-1116
-3262
406
-708
-3590
-3945
321
2053
-2656
-798
499
2115
3848
1761
2220
3981
3167
2932
899
891
-763
960
2881
-1412
-532
1233
925
1679
-300
3519
-2180
-3916
-3276
-3035
-1971
419
-1630
1955
-3970
2705
60
-3401
1061
-1368
1862
595
3173
3674
-545
-3637
1075
-341
42
2849
1953
984
2156
1025
3478
2483
400
-1870
2486
-3992
578
-2171
3295
-3854
-2708
-51
-2593
993
2962
2135
3334
-183
-3651
-3284
2538
-2560
89
-2734
1030
3513
305
-1217
-2147
1442
-681
1125
-246
2531
568
-745
1568
-2036
3241
-1916
-1645
607
-3229
-3900
97
-3868
-3792
-3297
2741
2838
-3382
1099
2686
3552
-3943
3786
1249
-2606
-1714
3149
3478
-327
-1729
3321
-386
-936
-326
-528
3824
-1735
1880
-1167
-2702
-2355
779
2243
1579
2990
-3622
3676
-3025
228
-529
2176
213
-1850
-1058
1796
-3063
-1603
-1030
604
-3530
-1395
1219
-495
-1780
-2615
-723
-428
3397
914
-1020
2783
-3786
-1798
2865
1488
-512
-288
-81
-3347
562
1777
2899
-151
766
3381
2867
-2848
1091
2152
-3732
590
-1463
1014
-294
429
-396
1739
1720
3570
3639
2732
-2714
-495
-2729
3692
1349
3734
-66
-2639
2586
1230
-2569
2408
-2230
1496
3857
1525
-3565
1955
-2434
3206
-2790
-2161
-3231
158
3064
2464
2240
197
2826
-295
2927
-3506
-3247
689
2782
3391
518
-828
3819
-449
-3109
-1257
-509
61
1537
3975
-2317
3134
687
-1199
148
1408
138
-1122
2964
-3592
-3152
-3642
2609
-460
2594
-542
-1512
60
1488
-2594
3273
-2183
-2180
1795
3163
-3929
3551
40
3194
-421
-2081
1637
3956
-2842
-2966
3047
1626
2292
-1096
2544
2942
-113
-707
1996
777
-1860
1894
-1446
216
-493
-3306
-636
-441
114
-2940
-1095
3421
-1471
924
1230
-3894
2587
-1391
-3668
-3294
-915
1210
-935
-3144
3456
-2936
-1520
3872
3093
-251
1150
-41
848
1160
3969
-1508
-1738
-379
-3839
2812
-567
-404
-1378
-197
-2024
467
-2557
-2514
-625
2960
1417
-879
-2933
3214
-1501
-158
-1051
77
-341
3586
3539
3135
246
93
3867
1091
-1059
-1992
-3761
506
553
-3372
-1684
-2467
-609
3598
-3456
-3831
-1412
-3155
2784
-316
-239
-1648
-3941
-2743
-3476
-1206
1655
1493
-3125
1906
-3617
-3625
-881
1409
-2357
-2663
-2025
-2416
2966
1519
-2299
-2896
-3920
918
1488
-1515
1078
-3994
-887
-1478
-3913
2551
-241
-1658
-53
-2293
2108
1208
3668
3156
3266
-2043
1065
-3145
1766
1998
3747
1206
-146
3989
-3281
1712
437
2902
-1803
2937
-3469
2869
2766
-620
-2243
-3746
2872
74
-2668
2643
3683
1035
-1741
930
2683
-2608
-3195
-2505
1932
-1142
-2891
-2616
1753
-1651
-1356
-240
-2340
-40
2516
3319
3679
3110
-1012
-1817
-1225
568
3316
-2254
-1079
3218
3943
-767
3418
-2244
294
3232
-1626
-787
829
-1781
2877
2013
-2245
-1904
2127
-2539
-3299
1027
-1037
-91
-2122
-3635
2460
485
-321
3226
-118
2164
2391
3241
2102
-917
-3404
3345
633
2383
-3910
3876
-1218
505
-1476
1098
3971
1742
745
1234
1105
974
3685
-2672
3952
919
1905
827
-1221
-3166
1293
-1534
109
-1473
1156
2090
-3759
2607
-2146
-1720
276
-2640
347
2188
-3309
-1776
1453
-311
-3909
-2297
-1681
-3959
1576
1755
-2442
-2568
1227
-989
2676
-1661
-3438
1852
-113
-3623
-3648
1227
-2892
3323
1014
-1744
-2164
-1769
2890
-978
-1160
130
-3985
597
48
3457
-2436
-3763
-1326
3479
3971
-2204
-397
-2839
-2194
-2186
2227
-2545
2809
343
399
1748
2019
2487
831
-3783
-177
3728
-1767
1100
-1254
-2473
-1320
3367
181
3311
-3872
-907
-3215
-1188
718
-2215
-864
918
-580
-2797
-1747
-2494
3811
3719
968
1425
2155
-1996
-1345
-3370
3746
874
-2318
-365
2314
-679
3983
2811
574
337
2509
-289
-2596
1843
862
469
2827
-1939
3225
-544
1945
-1056
1809
1763
1150
-268
-1673
1720
2376
-466
1586
3527
3877
781
1101
-2789
-1071
681
2728
-3476
-2922
-674
2598
994
-2016
-3186
-1759
-1734
-2391
1827
-1427
2962
-3551
2275
1526
2701
1699
-772
3393
-1449
1686
2004
-460
-1964
1603
-2616
-34
-4000
-3477
3138
3242
-2014
-3143
3531
708
2409
884
2311
3344
1726
657
598
-3414
896
-448
-2576
1403
-174
3900
-860
-2728
-2863
3620
-1323
288
1454
-2580
2664
-578
-445
3143
3640
45
-3876
2946
-3863
2140
-556
2535
-858
-802
-2721
1308
-2541
-1377
3326
-3774
-1230
3516
-3026
441
-2329
3058
3790
130
-1258
-1726
-1043
-304
1699
-2240
1128
440
951
2052
3422
1000
-615
-377
-1970
3290
-2052
2072
2712
3400
2628
-1126
3617
2808
664
-2851
1262
-486
-1633
-2790
-2897
-902
-376
249
3052
2429
-2762
-1705
3374
-315
466
-1298
-138
-2440
-359
-2306
2731
3934
-3479
105
3608
-3971
-973
-2751
-869
-3999
-750
-2068
25
72
181
-1061
-2841
-2161
1309
-3102
-989
-2995
274
-752
35
3771
-2966
96
-1126
-3693
2466
-918
-1062
-3814
3123
-2058
3795
-1686
-2142
-1744
-2077
3891
286
970
3773
1087
-2448
1589
714
-1392
-1337
485
-3670
1959
-1392
1636
-351
3221
-223
-874
3278
320
1691
1092
1071
3219
-2194
-633
-2207
2145
170
3886
3431
-1058
-3037
-24
3124
-3192
-1532
2017
-1606
2114
-243
-3530
2165
-1273
-575
3146
3232
-1800
2910
-391
3231
334
-1520
1982
-1233
2152
-266
-67
1258
-3058
425
495
1175
1021
-2272
404
-243
-1978
-3461
-17
1899
3018
-1821
1159
-3221
-2591
1863
2024
-18
-1480
-1437
-1579
171
-3004
-1592
1355
1082
569
504
-2402
3423
-3577
76
3690
3454
-1613
99
2584
-641
-696
1070
-475
1186
3453
3364
1320
-1010
524
3581
2956
-3030
1648
-399
1629
765
1129
2526
2534
2679
3024
3464
-2645
1548
3350
-868
1206
36
-1286
-1510
2851
-1438
-3717
-2874
-3652
3676
-3479
902
-172
-2388
768
1329
948
2841
-3289
443
2620
-3150
3982
432
949
29
3547
1033
1868
-2634
291
-2270
1793
-1138
2090
2031
-3319
-2106
-3105
3607
-798
3441
-192
2872
-705
-3093
-3228
1524
-785
-2502
2512
3883
2242
3383
-2510
-2658
-1484
1607
-3846
2025
-3900
3527
-1619
-293
-1902
-3271
28
-1616
-175
726
2643
-2687
-2731
400
2887
-3848
3697
23
2863
814
-2942
-190
3527
1909
-1072
2382
-3463
3164
-3972
79
3355
-3035
-2047
-3961
76
2166
3549
-3
474
-429
-564
-1789
-148
-977
1543
-2478
-3172
-3254
-1986
2442
-3185
652
3750
1301
-78
-1473
-3164
873
-790
-441
3527
2509
2658
-2588
-1105
-3279
3911
3050
3233
-722
-1186
1787
3207
-3764
931
1556
211
12
-2293
2099
1862
3429
-2387
-136
-1586
-2155
3557
2579
-21
2839
-2949
-2977
-3309
-1457
-919
-2720
2593
-2357
3259
2711
2784
2132
-1118
3224
2501
-3637
-372
3846
-3957
511
113
1420
-2882
3471
1210
-2779
3917
-638
3990
-1440
355
-842
3328
-2052
3226
2617
3659
154
1547
-428
3088
-518
-735
3764
3968
-112
1486
2776
289
-989
-2234
-1712
-3348
-3999
1566
3727
-1722
-3993
2738
1515
493
-554
84
-445
3279
1698
-770
2137
-2049
614
3727
-3581
-1279
3244
2050
-283
1824
-575
267
-776
1114
-3574
-2545
-3557
-539
-2457
515
-529
1979
2596
-1138
-597
-3945
-2493
3538
2543
2380
3673
-407
3687
-3453
-444
-2804
1685
-3410
2999
-297
572
-324
-3063
-3981
-29
3417
-2209
-2091
1093
-287
-3533
446
-461
-2293
3010
1660
3259
1390
-2869
3477
-629
-3403
-3613
-1627
1219
-422
-2490
-3244
-3100
-3000
438
869
636
-2771
805
2119
-1262
-1119
-800
2037
-1429
1123
-3760
-3367
-226
-1140
-2499
3769
142
943
1644
1178
3967
649
-3466
-823
2249
3222
-2039
-3433
2080
2877
-2484
-2852
-3357
1673
-3498
-2723
-353
-1178
3213
-3760
-1376
-543
1695
-1214
-1533
590
-2882
974
-2367
903
2128
-3429
-3114
-1742
2060
-453
51
-3788
-3331
-3210
-3843
-1466
2017
-12
450
-3306
426
-3325
2171
1438
926
-203
-395
-3956
1349
2674
-2189
-441
-1726
-1901
-2464
-795
246
-3631
-747
-1585
-770
1341
3857
-1654
-3010
215
-559
2429
3125
-445
-2275
1483
3709
-2908
-3928
1073
-3957
-3759
3670
-2723
-272
3764
-661
-294
-682
882
3563
-2456
1057
205
-3292
-2367
3701
-884
-957
-3009
3197
2895
-1950
1916
-3003
-2374
-3348
3737
-1957
-3955
-1642
-527
-1056
2752
1970
126
3681
-3148
1369
3995
3108
1859
-962
-623
-159
-3242
1356
205
-406
2514
-2663
-2406
-203
2777
-1633
2010
-1665
2471
-1382
-1326
3499
-3087
-3786
3046
-1244
-2475
1852
3641
2706
1701
-1543
176
-2423
248
-1412
1934
2915
1894
3704
464
560
-3363
1003
-3812
-3144
2341
3480
-3861
-2052
1728
2915
-1961
2347
77
3959
-1887
1423
1171
50
-1536
-735
2662
-1167
-3451
2309
-166
-2159
-1777
2455
2791
-1386
-961
853
443
1043
1903
-2683
-2776
-376
2909
2332
1295
-2572
1110
2876
-3951
1982
176
-2223
82
-2120
-1662
1110
2317
3854
3712
-2900
846
-2881
-2955
1320
78
-2754
-2885
402
-888
1388
-2533
-1682
-1139
635
852
3233
2208
-659
-294
1216
608
-2302
1167
-2392
-173
2440
1608
-402
-2892
-2558
2324
-3459
1848
3134
-3009
-133
3965
1001
689
-124
-1557
-2902
-2278
2518
3111
-1612
1194
-2779
3524
1819
1196
1156
3927
484
-1290
1737
530
-2201
2736
-1983
2973
1537
863
-1425
3612
683
2460
772
374
1468
2825
-2240
1230
2555
-1874
-591
893
3246
2605
-738
-795
2714
-2494
3968
1712
-1373
3378
77
-1750
-1802
-2197
1900
2973
-2464
-617
-921
-991
-1655
1658
-147
-922
-1629
-82
-2578
1645
1654
-2737
-3354
-1180
-1498
3961
2283
1002
3255
130
220
-3667
2272
-50
3718
-3631
-759
25
3349
928
1743
3272
426
-3111
-3826
2614
2891
3828
3511
1950
184
-2376
-3993
-2649
-2638
1832
831
3099
2745
-667
745
-2869
3608
-45
364
-1328
-1017
2973
3094
1249
-645
-2948
-1191
-992
-1942
-37
3397
-819
-3556
484
-1287
-3260
391
-2753
-867
-1251
3487
-2178
2725
-2420
-3785
-1829
-742
157
-1239
-329
-405
511
-492
-1770
-2325
-529
-3881
-2416
-2816
3921
1060
686
2105
3050
676
3157
-227
-3782
-1514
3121
651
-3535
-2932
281
-3052
3443
-1063
3927
-1670
-2561
3078
-3362
1349
-3588
-3693
-219
1857
-3661
-629
2419
-1444
-2056
-1277
3141
954
-2249
-3832
-1668
2400
-3336
75
-1237
-3519
2666
3599
-3082
2978
3958
-605
324
-342
-3190
2535
-793
-3353
563
-2153
2119
656
-3336
-1311
2741
1300
1380
1121
-1082
2856
-1333
-3251
3008
2163
-3018
999
986
-2962
-821
-2676
-3698
-553
-3608
-108
-2707
-208
-1294
1511
2055
3095
-2357
113
-2033
2430
1924
1824
-3341
-2078
2652
1678
1006
-1325
3038
-3695
-3175
436
2946
-1595
2276
-2578
-3990
577
-3510
2596
768
-3885
1847
836
3173
2609
-680
-180
-3912
-1319
1673
2074
-2229
-988
-1160
-1493
63
-2264
-336
2925
-2030
-2390
204
-3655
1465
3819
3180
-2380
3842
1085
3663
2713
-1389
-1289
-1034
-865
2877
-3526
-265
431
3345
2790
2578
2215
-454
1306
-3866
158
-2443
-2865
312
3460
2443
3136
2470
-3290
836
2207
-1316
700
545
-702
-3246
-1419
1720
847
-1521
-22
2115
1616
3756
-51
3128
3407
410
-3593
3780
885
1219
-1551
2474
2770
-590
1176
-682
-118
3994
3995
1009
1057
-1399
-3001
3688
1709
-1912
1925
2914
3792
3949
2292
-2185
2227
-1303
3762
-1320
-696
2662
2328
-2297
-2619
-3778
864
1304
-830
2345
3701
-2653
2190
-3681
-1755
-2166
1443
1952
-1668
1040
169
2009
3850
798
-3522
-446
1330
2554
1
3869
2566
2030
1126
-25
970
2755
2200
-1639
2247
1453
-2932
3308
-2907
-821
565
301
1043
-2670
3095
-2656
2175
3088
1214
1513
-703
2517
1079
2971
1376
-2446
3962
-2300
-2690
1247
-2545
-476
-2157
90
-3166
-427
2244
2997
-32
-821
-465
3366
498
2232
-2555
-64
3471
-2638
-2136
1532
1379
884
-2519
-3487
573
256
-1564
-300
-1728
-1118
2147
1703
2893
-3605
-1837
2087
-2807
-3855
749
-3565
-3286
-2587
-2973
374
-717
3979
3932
2768
-1174
2944
-1206
1803
-3476
-1674
2339
-710
-3683
2732
-3067
2542
63
-2509
1371
-2674
-3881
2975
50
-2147
-83
-3646
3351
2459
-3930
1921
1089
2591
-3158
3115
2350
3883
3287
1765
-3389
1566
1150
2594
2971
158
3617
1866
-3598
-694
-751
130
-3633
-135
3969
326
-2277
-3262
2697
-1906
-3222
1696
-723
949
-3553
-3669
539
-947
3860
529
-2087
625
-2594
3230
-2280
3628
-1907
-3994
1296
-1843
-3812
-101
-3649
-2945
-1442
-1864
3499
3577
2696
1837
2600
508
-1657
2478
-1369
-3034
2736
-152
5
1178
2880
-2588
1778
3826
3915
-3549
-16
1184
-1524
-3951
3267
14
2137
1920
2316
3313
346
-707
2063
1301
2973
1499
-3616
1625
3389
-1404
2056
-1455
2189
3337
-43
-1022
-2967
945
1032
1557
-293
-1349
-1710
3473
-604
-3409
-3898
644
3295
3663
336
-2133
-3942
75
-623
898
-3758
2836
-1176
-2010
-1269
1057
3666
-1756
-2663
-1056
-982
-1819
1091
-490
-25
278
-611
1511
2916
3784
3074
-2217
-1397
-3072
-1399
3131
-2330
740
-3103
72
-407
3983
1073
3231
-975
2301
2109
-158
-3660
493
-1295
-3221
2539
2884
-1082
1718
2127
-900
-3208
-511
1379
-876
3123
-1625
3372
2312
1587
-962
-536
139
-121
977
1367
-239
-1890
3845
-1251
-967
-376
-336
2296
3471
-1498
2916
-2585
-314
1422
-3342
1298
171
3174
-3675
-2238
2852
2999
483
378
-2317
-935
1823
570
1591
-1218
-153
-2071
416
1270
1123
-3268
-1920
-2807
1728
1652
-1006
2319
-595
912
-174
2490
-3831
-1343
-2944
-593
-2449
-1966
3305
-3563
338
2536
-3744
-169
-1350
3370
-926
-2905
360
3158
-1508
2933
-3694
-995
2385
1987
3484
-996
-1604
-1173
-1720
-520
3308
943
-915
-2193
-2878
2181
-3007
-2630
-3567
-2094
-2950
1267
-1546
-2648
424
-2410
-3847
-1042
2072
-356
-1726
1145
-1063
-787
1567
-2123
389
3997
-3589
3469
1567
1580
-2962
478
-2503
1849
-2081
-3807
-2717
1467
-3560
3044
3364
-3925
-3207
-1529
2792
-1874
-2888
2109
-324
768
1173
-3195
367
940
-436
2884
-2336
-2115
1058
154
3288
-3504
2959
3612
1015
-3544
-2435
-3654
370
1871
404
-888
2415
2116
-1237
-1908
-2847
-3136
83
827
260
2764
1107
868
-2738
2021
-3742
619
51
-1884
1519
-3040
1473
3169
179
-375
-983
-1057
-874
-56
19
1291
2919
1436
2490
3767
3713
3884
-328
-3505
183
-1115
2562
2795
-2112
3534
1118
-3130
3112
1733
3571
-3109
2027
3820
-3834
999
1106
2514
-3082
-2662
1001
-3118
327
924
-3279
3851
-2217
-1805
-2270
-1032
2277
-1658
2646
488
2233
3020
-3402
1445
1760
-3201
-3203
3358
-2721
-2262
1749
-3781
-2564
-1318
1583
2929
-1582
3450
-2697
-2150
-3774
-2225
-668
3146
3157
934
-1473
2624
-2327
176
-2046
3217
-912
666
978
2885
-3146
-3665
2836
-1447
-969
-1915
663
899
3379
1022
-2985
2123
-2236
3939
-3754
521
3996
-25
1678
1516
2892
-2554
-1677
-3030
-1649
-3965
2974
983
-1629
-3904
807
2968
-584
-2459
-2778
3756
-2770
-2176
-553
-462
-3873
1751
511
-103
-1991
1390
522
-2249
-2236
-3900
-1268
2997
-2545
700
-3276
-324
1592
2054
84
-3037
-1992
2884
1287
838
-682
-3661
2066
216
-1408
1889
1359
2462
3865
2352
-994
544
-734
1382
-2314
3773
21
-1503
-1854
3920
-3748
-1266
3610
2643
-3523
-3731
-1688
2554
1866
3880
-1576
2864
-1207
2830
-784
-2546
-2101
820
119
-3674
-3177
878
-598
-3206
-3029
1556
542
2388
-1875
600
-1122
1351
-3617
233
-3988
708
-3105
-3546
467
-1693
3012
-2717
-3587
3834
1952
-392
-2098
2696
-2237
1337
1794
-2179
1299
-1227
-3303
3764
-1864
-1314
1522
1169
-1190
248
3832
3539
3406
2094
-2996
-1665
-3450
3931
-3731
885
967
-3288
3020
2149
-1722
-1908
358
323
-1625
2907
680
-2639
-345
1694
119
-1106
-390
-2248
1069
-353
-3308
1014
2485
2359
-1912
-1001
-3425
2314
-2032
-2609
-2512
4000
-3031
1276
2961
1023
-3853
837
1464
-2683
-2730
319
-2817
783
333
-1676
-2741
-96
332
-991
-1979
-485
781
-484
3524
3762
1171
2985
2520
452
3508
720
3070
1359
-769
-361
-2709
3674
2331
-2146
-1630
-1294
-917
-3749
1706
1039
-2140
-2797
203
730
-403
3054
-2004
816
-1017
-1257
-2525
-3788
-3879
1013
-2683
-1729
364
814
-1729
3614
-1810
101
-3214
2519
3499
-3062
2140
1009
3305
-160
527
-106
-1146
1541
-2335
-2529
-2693
1900
-230
142
-3386
-629
1343
1144
-2106
2539
1017
1704
3581
3402
3797
1302
-223
-1342
1319
2375
-2264
-18
3372
3678
2041
3254
3685
-379
2033
2039
-2881
340
-3769
-3954
-338
-1171
905
1090
1232
-2607
3688
1086
118
1786
-2946
2863
-1073
1793
-3336
-2921
-2749
-2353
-3955
-2704
3840
-1451
3772
260
-1139
-3306
-3775
3712
-3064
-398
-1737
-2452
-2081
-2847
-495
-2085
992
-345
1700
1810
-1545
1356
-3456
2051
-1347
-3764
-2470
-1028
-3190
-471
1857
3937
2125
1286
3107
-1201
3265
1489
374
-1295
512
-2476
2680
3087
-904
-1477
-3001
-483
843
2921
-2108
3076
-1920
3746
2680
2114
-3193
504
2315
-142
-527
1194
531
2014
-2757
-3180
544
3552
-2491
3969
1545
-2878
400
2319
-1604
1037
-1561
-323
-2593
-1467
2010
929
-3261
-3978
-1858
3478
3968
2309
-799
2134
3478
3237
3352
994
-1124
-2977
2288
-1194
229
510
-2497
-2611
-1063
3836
-3552
89
-1770
-3457
2269
-1120
-3303
3893
-2646
-1395
-4
-1862
3778
2965
-2201
1832
2753
-2720
-2747
-1338
2572
3655
2646
-3840
-3950
-943
1709
-453
327
3992
1890
-2687
-70
776
3152
-1413
2365
-1884
1290
-3862
-3989
2513
-556
827
-3017
-804
-2539
3628
620
-2344
-3088
-2190
2660
-532
-3946
-3357
-3336
-1005
1695
-1010
-3881
-1310
-2114
-1564
-325
-1900
546
1056
344
-716
567
-3258
2019
-2705
3661
-1022
-2491
-3559
1140
-3781
-2661
-520
20
549
-2078
1491
3281
29
1231
3095
-2183
188
-2041
2781
2568
-2678
2205
3511
-3531
-2186
2048
2395
-2619
3430
2951
-3880
2770
-1458
-2268
-3059
2932
1523
1951
2417
-2310
3008
-1169
-3265
-24
-3461
-546
-1670
2384
82
1745
3625
-262
2141
1863
2130
1909
-225
-2075
-2235
562
-503
549
-2870
-798
2096
3546
1604
-2152
-3332
-865
-1472
1844
-350
-2596
3371
2776
-622
-2727
-379
2138
1776
-3918
-3651
3370
1939
951
-1304
-2963
-2029
1410
213
3425
-2866
3360
-2120
453
-3588
-2760
-3301
-3174
-2177
2348
3219
2472
3344
-1410
1914
801
1052
2498
1272
15
3109
-1833
3544
1615
3458
-140
1511
1473
621
1310
-2746
-3725
2746
-2637
3789
-2161
-1963
-1617
-1443
3737
2008
-3053
174
-1114
3429
-2350
-3574
1172
3689
-3563
2426
2904
3222
3664
951
-1186
-2046
-2800
385
2538
205
-3814
3296
-3077
265
-1394
-1418
3257
-3148
-1293
-3740
2389
2920
-2669
315
981
-2211
-457
-2290
-3488
3362
3536
2503
3399
3132
2589
-2834
3499
2021
-60
2583
-2487
-1471
-1263
3832
3186
483
3837
-3261
-58
-2350
2989
340
1540
753
2069
-1264
490
2925
301
502
-1541
407
3003
-1349
3563
298
-2800
3331
2404
-3593
3533
-1233
-2098
1801
2181
-2361
3396
-3638
-864
1935
-777
-299
-68
-2529
1904
-1983
-967
-2345
247
2018
2423
2668
1169
3746
2450
1186
683
1195
-2128
-3172
474
2839
-1947
2945
3680
1699
-3363
974
-3091
362
2554
-512
3285
2327
-948
3170
-2843
-2641
-3467
-646
-2563
-993
247
2401
2827
-2798
1520
3041
-972
3885
-3020
-1021
-1129
2839
330
-1588
3557
-1561
3514
-2235
618
3752
-3267
-1192
1920
-3533
-2441
-3516
951
1383
450
1131
861
2658
-657
-2586
-2846
3826
-2480
-791
-392
-1421
788
2735
-1018
2548
77
-2298
1238
1850
-117
3810
1451
1940
-445
-2166
3294
-1744
-2761
695
3911
-1530
1365
238
2190
-3374
-2114
2140
-1085
211
1057
192
-70
2223
-676
-1623
428
3542
-3974
526
3676
2439
-3129
-3031
-1117
-2212
761
-2512
2696
-3416
-664
-1995
-3349
-1402
3694
832
-2778
-461
2048
2918
-574
817
-2332
-561
3756
-951
2270
1208
1071
-344
2063
1722
3330
464
38
1365
1449
-1066
-3410
2113
1299
-1324
1436
-1758
2785
-834
822
-1082
1146
-944
3371
3196
-3937
290
-545
-1199
862
3163
-3161
1250
-980
-194
-644
1196
2428
-2992
3759
-2429
1244
1110
2414
-2076
2923
-2343
-3648
-2454
1923
807
236
1295
1790
-53
-1842
-1273
-232
-2221
2715
3969
-3205
3104
3663
2937
-3357
-3199
2492
-125
-782
3043
3609
2814
-1566
-2535
3365
-2549
-3217
-1877
-2997
3070
-1311
1215
2656
-1502
2886
2154
854
2759
-3441
-736
3574
-2080
-3367
-3583
-1332
2815
-1429
2175
-395
-2357
231
2501
2746
1163
3766
-2115
2972
-2017
-1744
3713
-700
3674
-2276
-1037
-833
3750
-2672
-3131
3427
1232
-963
-2134
-379
-3633
-1262
2228
-3032
1230
3709
2995
-1483
1294
2537
-2651
-3707
3731
3070
2313
1793
-1986
3632
-1323
3025
-1383
-3303
-676
2355
-2101
-1573
-3398
748
-2023
3893
-3823
1541
1201
-1481
3806
2739
30
-761
691
2862
2472
1999
-1342
-2279
-1137
3775
67
2047
-308
2875
3451
2717
-3741
-2692
-1911
-563
-3627
1167
3249
1984
-2093
-585
-1424
-1254
3933
2187
-2860
1103
2260
-3367
3873
-1778
-2381
3540
3668
3233
339
3409
3163
-1754
-2742
2382
-3781
-3445
-1248
2303
-611
3397
-1884
1468
2164
3968
214
-1000
-2454
-991
-853
2512
1509
15
-2149
-2341
-852
-3737
1921
1390
-1136
-1860
1563
112
1636
1831
-503
1737
-3507
-2759
-3268
-1529
3516
2112
538
1440
-1770
-1410
1564
-3342
2001
-1906
-61
-3418
46
2142
-678
2388
3947
864
1249
1354
-2955
-2743
3761
-2859
858
3802
-1823
-3527
-1324
-3123
-1978
-2333
-3259
-2505
462
643
-2071
-1820
1293
-3479
3602
-605
-635
-2437
2316
2747
-529
3201
1339
250
2110
-2939
-3607
-726
-1825
1380
-3142
3352
2505
-1171
3635
-2143
2324
-196
-861
-1379
-2937
-2658
1413
-1114
600
-3650
1077
3564
-2114
456
-3118
-2429
3075
-3202
-3145
1127
3589
-3772
-2455
-858
-1735
-157
1646
-1502
3557
-3498
-3729
-2258
1909
-2129
2403
859
-3178
-230
-3431
2061
3747
-2957
2546
141
814
-2152
1879
720
-3422
-1789
-2691
813
3294
915
-1338
2460
1892
2191
-1471
2718
-3262
1415
-2909
148
321
938
-2333
-993
-3537
-622
3100
-2359
-2752
-1855
-2165
1197
1754
-2320
-2425
539
-203
801
-387
1372
-2697
-2217
499
1853
3523
-2771
3435
-422
-1780
-3536
3778
3627
1069
3164
-2669
2428
-97
2100
-1418
-2464
3072
3354
-3198
-3045
54
3001
-3044
-2496
-395
2272
-2398
1745
-1890
-1648
-2523
3356
424
-577
228
3370
-614
-3714
-1247
546
-1682
2802
2873
-3824
-2804
-2392
-1454
-996
-2170
-3975
-2349
1434
-3754
1719
-1717
-3900
-2366
682
-1144
-115
-1434
1260
2752
-1204
853
1401
-1965
1743
3281
-1992
-1238
1979
1592
-789
-1327
137
1481
2571
2544
-1962
1977
-3311
-2740
-3932
-2503
-1628
3670
-1293
3972
444
3515
-3112
1830
-3483
3287
-3820
2259
464
2563
-3668
-950
-1988
2432
579
-1538
-136
3839
2151
-79
1907
-1786
-3249
3003
2547
3494
3357
1047
-125
-352
1476
850
-3663
1101
3130
-2691
3771
-3083
-3928
3473
3096
-2583
-2599
2391
2688
3844
-529
-752
-2650
-1986
-2845
2654
-3950
-640
-3245
630
987
1531
2481
3659
3281
3747
220
-3654
-482
1341
-1610
2608
555
-571
1977
2907
-534
-574
-3538
1996
1191
109
3127
3707
-3611
1212
-3687
-2264
2204
-1985
2543
-1992
1089
2177
-1055
-2937
1541
1051
-1707
76
1520
2986
-2005
3472
-3448
-2377
723
-1252
3941
3958
-3081
3996
-3795
935
2250
1736
2835
3627
-1856
-3911
1595
-1485
2876
2911
3133
-3808
210
-2596
-741
2779
471
887
-3733
-3372
945
-269
-2148
386
849
-847
1590
-3760
-1303
-1594
-3303
193
663
60
-1316
1455
1662
-1558
739
-2433
2164
-1072
2107
-1393
1322
-3317
-1549
2853
841
2559
-3916
1526
-3954
-2749
-2791
3764
981
2445
697
-3313
873
-425
-3329
-2504
-3817
2936
-913
2721
-2498
-3723
-1309
-1678
-2153
-1338
1214
-956
-3452
-3797
2303
465
-3326
-2505
1697
422
2050
1871
-1703
-1972
220
3307
-738
-3788
-1691
626
3934
-2238
3513
2837
-650
3091
1060
-1220
-3689
2442
-219
2927
3382
2038
1007
2020
-3072
652
-3681
-1583
-1756
-3637
-2224
-646
1970
751
2522
978
1516
-2451
-3709
1902
-1155
-3213
-886
-2844
3949
3696
-383
-2223
-487
-3829
3619
1937
-3234
-2646
2304
-1623
-873
864
-2922
64
1289
-479
-1746
1331
2521
3869
-919
1449
-3580
2577
3153
1415
-919
817
-3902
-1097
1530
-1046
-2519
-1311
530
2412
-1810
2507
-1734
-3686
2163
3163
2139
3534
-2910
-1116
820
13
-3148
-2755
1935
2761
713
-2341
2184
1637
914
3288
-1610
113
1106
1390
-2072
-1613
-886
-2530
1166
-1216
-1107
1248
3025
-1890
-3943
-2653
3409
-1354
1218
-1269
3262
-1278
-2591
-3701
2153
3311
237
-313
764
-3147
-2087
-3802
3350
530
-2811
935
3163
2446
2266
-444
-1939
-2294
3067
-241
-59
-1873
2849
431
2337
-3687
-3076
2562
3485
118
369
-602
-676
-1014
862
2952
2377
3455
3439
-2168
124
1078
697
-2445
-3546
-3679
1109
807
1941
459
3381
-2177
-2825
-1734
410
3890
42
-2660
-3837
-1874
-1190
-926
-1086
-2904
-3933
-2101
-1437
-1599
4
-2909
-3640
-2683
3225
-2503
155
-2339
-2773
1777
-633
2459
2882
1257
3215
-3393
1659
3262
-733
2619
1117
-2205
-746
1669
-2980
1694
1097
1543
-270
3887
-1530
716
-2096
-839
-233
3677
2265
3831
1149
2753
2123
2960
1454
-3940
1562
1322
2043
3850
602
3001
-1771
-3621
1386
3585
771
-380
2363
125
-2028
426
-1361
-430
1249
-1504
2116
-3877
-2405
273
-1280
3988
1211
115
-4000
2225
-2399
-1574
2527
948
-1182
1064
1000
-3154
-1982
1247
1664
-983
-2579
-3708
3563
-2616
-2268
920
-3633
3437
-518
2463
-3033
-3176
-2737
-2749
-3316
1321
-1304
3514
-3051
-2047
-1006
574
1439
1579
-2652
726
-859
3957
906
-952
-486
-2622
-2069
-422
3828
2174
-2163
3627
-14
901
53
-350
3585
3814
-1698
-2015
3629
-1809
3672
-113
-702
-3624
2901
-1321
-1659
1870
-2311
1477
116
3604
-3656
814
-995
-2500
2930
638
-3145
1707
-851
2526
2323
-2621
530
-2399
-3600
2667
2995
-475
1158
1543
2796
2048
-1383
1391
-191
3011
-3087
3766
-2482
1312
-675
-2503
-3400
224
-1533
-1670
2824
3607
844
521
-1935
2918
-1778
1359
-452
-1436
-2341
1306
-3002
3038
-2229
-1531
-1800
-629
2733
-1617
-1443
886
-2272
-3436
3523
-3219
-2014
2102
2386
1047
-3746
-497
1693
1279
-1503
-2695
-3353
1368
2802
1470
1192
-312
-2073
-682
3988
2257
3615
-2211
378
-1504
-3272
-3953
-2532
1607
1512
-1007
-3221
180
-3360
2958
2493
-1408
-1501
3910
3161
808
-967
3716
-1240
-347
-289
1554
-2623
3216
-1400
-722
-1719
-2074
-756
1609
-941
2018
-2042
-1791
-2519
3411
-1599
-724
-3862
2748
-1337
-997
-574
3149
-3130
-1733
-1715
3403
-1808
1199
201
-3291
3386
1733
236
-3320
410
-3934
3478
-1754
2382
2901
97
-2819
1052
1640
1283
2416
-803
1205
3611
3863
-230
890
-2967
1436
-3669
-306
3439
2023
-3754
3810
-3168
-1429
3310
-2515
-3502
-896
1931
190
1084
-2685
674
1067
355
2582
-3077
3883
-1557
3563
-3370
207
-260
2235
3525
-688
-1858
47
-3102
271
-3808
-2931
2002
3033
2714
-1677
-1727
-3292
-127
-2815
94
-896
1155
3581
-1555
3515
-3420
-3147
1778
-2931
548
1565
613
1421
-3003
-2896
-1153
-684
-3810
-1106
1399
1621
-2805
-1913
-1185
2603
-1761
-1958
625
-1205
1435
3503
686
531
2920
-1721
1464
-2778
-3704
1372
120
3743
-1670
3849
3499
-240
-843
-565
3522
629
860
-1349
1227
3475
2061
3454
593
-674
263
741
2537
-298
2004
-3295
-1135
-2219
-2582
-112
3692
2315
-1322
-3056
1763
2677
802
-499
3339
1989
2681
-2889
-2295
3977
1707
2205
-3898
2241
3248
-1921
-2197
-2103
-1760
-3681
258
-983
-1470
-290
1663
1074
-3865
2562
46
-372
1439
2506
-3168
694
-3610
2218
-2856
2791
100
2130
3433
3400
-2203
2094
-169
-424
-2055
1099
1487
3725
-3647
-2498
-3629
1035
-3526
-104
-3504
-1144
-2374
-3415
1158
-3716
1713
3815
782
2491
-3931
-757
138
2838
1402
3801
-1873
-3420
-2660
1960
58
-3041
-2047
3570
1256
1746
1649
-2210
-3945
1824
193
-702
1672
1124
-3841
-1184
2128
-2742
-1064
-3849
-2610
-1548
-1512
-1681
3017
-3140
1408
3936
-1892
-2839
3318
-13
30
257
1565
-3835
-2688
1251
-1834
3404
-2660
2296
-2681
2809
-1105
-3259
342
-2871
1287
2952
-269
-2993
3780
2477
-2887
-3371
3208
3723
-2840
-1949
96
1060
1121
-1649
-1652
2296
-548
-1128
2448
2701
3076
3227
-635
-720
1149
363
3783
765
-2245
864
-3052
761
789
-3214
1416
3796
-2650
-256
-1876
2484
-699
-1444
-3276
2797
-3820
-1333
2732
-567
-1455
-3318
-1946
-1451
-3193
-3249
-3368
2589
-982
-856
2361
-243
1587
-2733
2173
-1355
-2249
-506
-2882
791
3687
2569
-3572
-1522
-2542
3954
2045
-2189
-2400
-574
-2230
2128
-79
-2708
-3866
64
-815
30
-725
-1909
-1310
1773
1580
3115
3265
-2060
-2479
-3297
-3904
1441
-1927
-3182
818
-3718
-716
3379
-374
2031
-967
2784
3791
3451
2685
-493
2678
2796
-696
