 46
  6
 75
  9
 74
 39
 15
 45
 91
 43
 36
 30
 54
 31
 92
 35
 63
 79
 92
 51
 90
 61
 27
 90
 28
 35
 19
 40
  9
 54
 16
  4
 52
 76
 42
 15
 11
 16
 18
 74
 63
 53
 74
 41
 46
 89
 83
 65
 81
 62
 70
 15
 46
 44
 27
 49
 24
 26
 68
 49
 70
 12
 41
  5
 41
 81
 24
 52
 94
 69
 49
 18
 36
 13
 52
 57
 31
 16
 45
 21
 65
  1
 14
 42
 95
 24
 66
 54
 36
 43
 56
 54
 16
 46
 92
 40
 39
 77
 50
 28
 84
  3
 83
 17
 89
 22
  0
 49
 76
 98
 78
 48
 49
  3
 35
 28
 91
 17
 30
 20
 79
 36
 74
 54
 14
 29
 47
 98
 18
 84
 54
 69
 46
 79
 63
 89
  3
 11
 42
 76
 15
 40
 63
 40
 77
 93
 95
 54
 29
 87
 24
 72
 36
 72
  6
 74
 38
 72
 66
 22
 29
 50
 77
 13
 28
 48
  6
 46
  1
 62
 98
 20
 42
 61
 65
 12
 46
 85
 15
 89
 37
 90
 80
 69
  8
 59
 36
 23
 80
 27
  5
 95
 56
 30
 82
 13
 68
 18
 20
 33
  5
 49
  3
 61
 25
  8
 68
 91
 72
 81
 11
  8
 99
 57
 94
 58
 88
  2
 91
 72
 69
 24
 59
 47
 99
  0
 99
 79
 33
 39
 53
 91
 28
  2
 65
 60
 44
  3
 22
 44
 87
 88
 46
 43
  2
 85
 86
 47
 58
 79
  2
 56
 26
 20
 31
 88
 74
 90
 97
 36
 73
 16
 70
 48
 80
 98
 39
 87
 57
 11
 26
 14
 55
 72
 17
 58
  5
 69
 87
 11
 19
 45
 96
 10
 45
 87
 17
 67
 52
 40
 75
  8
  6
 45
 42
 31
 10
 77
 23
 54
 92
 35
 31
 99
 13
 23
 57
 44
 39
 50
 44
 15
 32
 62
  5
 19
 91
 14
 30
 52
  6
 92
 84
 36
 29
 79
 79
  7
 64
 84
 93
 88
 58
 34
 69
 43
 42
 57
 71
 47
 24
 89
 61
 68
  0
 48
  6
 98
 28
 39
 34
 41
 97
 91
 74
  6
 49
 13
 69
 45
 77
 33
 45
 21
 88
 66
  7
 55
 61
 35
 92
 11
 18
 68
 56
 98
 65
 59
 84
  0
 75
  8
 19
 95
 80
 27
 56
 17
 41
 99
 56
 10
 77
 98
 76
  6
  4
 58
 27
 59
 39
 13
 63
 58
 86
 17
 49
 56
 29
 92
 25
 42
 78
 54
 83
 91
 28
 88
  6
 60
 35
 79
 36
 69
 28
 28
 84
 64
  6
  1
 27
 60
 47
 10
 45
 81
 98
 59
 68
 41
  8
 11
 20
 61
 17
  3
 59
 12
 97
 49
 77
 37
 22
 54
 81
 38
 90
 92
 93
 45
 85
 66
 53
 43
 17
  8
 46
 70
 51
 90
 88
 50
  2
  3
 12
 97
 33
  8
 45
 49
 99
 80
 49
 90
 89
 65
 83
 43
  7
 39
  4
 27
 66
 48
 53
 91
 43
 74
 83
 61
 11
 78
 90
 58
 99
 52
 56
 92
 76
  1
 81
 39
 10
 80
 94
 65
 76
 10
 32
  8
 14
 90
 72
 26
 73
 39
 54
 31
 94
  4
 60
  7
 89
 86
 45
 18
 96
 47
  5
 25
 89
 78
 34
 16
  2
 37
 76
 99
 63
 82
 10
 71
 82
 58
  5
 45
 15
 17
 68
  5
 57
 98
 77
 82
 35
 25
 28
 89
 49
  8
 30
 63
  5
  6
 16
  3
 97
 12
 64
 30
 76
 29
 15
 22
 72
 85
 91
 38
  7
 68
 18
 64
  9
 58
 63
 96
 58
 27
 47
 83
 48
 40
 51
 43
 76
 50
 28
 12
 49
 50
 84
 32
 19
 41
 10
 70
 26
  5
 51
  0
  4
 27
 96
 90
  6
  3
 29
 53
 75
 44
 11
 49
 13
  8
  4
 77
 29
 33
 22
 80
 46
 13
 82
 78
 38
 65
 94
 25
 78
 42
  9
 91
 70
 50
 40
 42
  3
 27
 56
 16
 81
 79
  9
 68
 27
 45
 31
 79
 37
 17
 95
 29
 47
 38
 23
 24
  1
 44
 97
 23
 90
 21
  0
 71
 66
  5
 38
 23
 98
 59
 98
 12
 42
 28
 22
 84
 73
 78
 88
 25
 28
  7
  9
 44
 29
 25
  9
 22
  6
 75
 12
 54
 15
  9
 91
 73
 65
 94
 55
 79
 98
 71
 16
 52
 23
 61
 60
 55
 19
 81
 91
 26
  6
 87
 24
 86
 76
 45
 23
 55
 18
 98
 31
 35
 84
 79
 33
 89
 95
 94
 93
 19
 12
 91
 34
 81
 28
 20
 20
 26
 12
 52
 71
 38
  9
 69
 74
 22
 80
 72
  0
 98
 24
 14
 26
 93
 16
  8
 37
 96
 97
 26
 62
 56
 71
 56
 20
 51
 75
 43
 74
 35
  2
 20
 70
 89
 85
 81
 50
 82
 71
 47
 22
  4
 20
 13
 46
 82
 56
 83
 76
 90
 22
 51
 90
 84
 71
 82
 99
 19
 87
 18
 75
 39
 96
 70
 49
 38
 91
 73
 23
 46
 75
 60
 35
 16
 16
 45
 35
 25
 38
 49
 11
 58
 45
 88
 51
 69
 37
 58
 76
 71
 23
 52
 97
 63
 25
 97
 28
 48
 25
 43
 83
 47
 93
 58
 95
  0
 75
  3
 84
 70
 68
 71
 38
 68
 98
 56
 17
 72
 23
 73
  0
 72
 12
 78
 91
 81
 50
 83
 51
 96
 75
 98
  4
  8
  9
 83
 40
 12
 66
 38
  2
 87
 42
 27
 69
 88
 46
 44
 38
 91
 24
 61
 46
 37
 34
 74
 74
 11
 83
  6
 73
  1
  0
 35
 37
 97
 15
 27
 81
 77
 51
 95
 16
 80
 75
 21
 30
 27
 66
  8
 46
 35
 21
 72
 18
 31
 11
 16
 37
 50
 37
 58
 71
 80
 29
 44
 28
 11
 74
 21
 23
  6
 93
 76
 90
 23
 72
 27
 87
  3
 71
 83
 85
 17
 50
 69
 82
 93
 30
 55
 80
 18
  0
  8
 89
 26
 90
 46
 58
 85
 95
 43
 12
 27
 89
 29
 74
 29
